0 0.000000
1 0.000119
2 0.000049
3 0.000171
4 0.002027
5 0.005881
6 0.010189
7 0.040033
8 0.042936
9 0.029537
10 0.010251
11 0.002602
12 0.000455
13 0.001531
14 0.007421
15 0.003906
16 0.009270
17 0.005568
18 0.009538
19 0.019301
20 0.038822
21 0.036104
22 0.042007
23 0.094362
24 0.093683
25 0.023726
26 0.069034
27 0.154018
28 0.076645
29 0.090339
30 0.045494
31 0.061005
32 0.050134
33 0.007247
34 0.036149
35 0.023316
36 0.005022
37 0.012645
38 0.005625
39 0.011213
40 0.009776
41 0.000372
42 0.000189
43 0.000177
44 0.000166
45 0.000478
46 0.000232
47 0.000429
48 0.000895
49 0.005044
50 0.005618
51 0.001560
52 0.001145
53 0.000409
54 0.002473
55 0.003566
56 0.000520
57 0.000093
58 0.000215
59 0.000395
60 0.000103
61 0.000033
62 0.000414
63 0.001805
64 0.030777
65 0.021863
66 0.013801
67 0.012097
68 0.006960
69 0.030377
70 0.008393
71 0.005299
72 0.027520
73 0.033988
74 0.002075
75 0.019874
76 0.062890
77 0.025159
78 0.021126
79 0.010958
80 0.052712
81 0.091420
82 0.129773
83 0.092449
84 0.043082
85 0.005292
86 0.038417
87 0.054320
88 0.099554
89 0.034182
90 0.001845
91 0.002131
92 0.006070
93 0.004921
94 0.005388
95 0.002472
96 0.004928
97 0.000363
98 0.004063
99 0.006720
